2
50
862.87
862.87
846.3
846.3
792.19
792.19
763.53
763.53
735.6
735.6
695.74
695.74
664.57
664.57
624.62
624.62
588.49
588.49
548.72
548.72
507.38
507.38
100
879.79
879.79
877.37
877.37
825.89
825.89
781.83
781.83
733.98
733.98
696.84
696.84
647.35
647.35
632.75
632.75
592.17
592.17
576.35
576.35
507.46
507.46
150
888.26
888.26
882.64
882.64
844.7
844.7
785.6
785.6
743.34
743.34
700.82
700.82
660.13
660.13
626.93
626.93
592.08
592.08
582.19
582.19
507.36
507.36
200
914.64
914.64
898.05
898.05
849.76
849.76
795.9
795.9
755.17
755.17
719.85
719.85
681.15
681.15
635.92
635.92
632.57
632.57
660.27
660.27
507.36
507.36
250
925.3
925.3
910.19
910.19
858.36
858.36
812.92
812.92
792.52
792.52
716.97
716.97
683.4
683.4
686.68
686.68
671.12
671.12
694.59
694.59
507.15
507.15
300
939.92
939.92
940.8
940.8
867.01
867.01
806.46
806.46
783.62
783.62
735.13
735.13
721.37
721.37
706.15
706.15
668.4
668.4
687.74
687.74
507.25
507.25
350
960.55
960.55
946.87
946.87
881.98
881.98
823.44
823.44
820.97
820.97
735.87
735.87
754.06
754.06
707.94
707.94
744.01
744.01
734.34
734.34
507.04
507.04
400
971.04
971.04
955.03
955.03
893.03
893.03
837.4
837.4
820.52
820.52
842.07
842.07
778.3
778.3
803.84
803.84
798.62
798.62
796.99
796.99
507.29
507.29
450
1000.24
1000.24
987.64
987.64
925.5
925.5
850.4
850.4
838.52
838.52
918.43
918.43
813.06
813.06
925.7
925.7
779.88
779.88
913.77
913.77
506.89
506.89
500
997.06
997.06
969.74
969.74
966.78
966.78
895.16
895.16
847.16
847.16
850.22
850.22
997.15
997.15
912.68
912.68
875.62
875.62
786.15
786.15
507.2
507.2
550
1015.99
1015.99
1007.23
1007.23
920.96
920.96
882.8
882.8
838.55
838.55
822.43
822.43
917.05
917.05
975.41
975.41
930.81
930.81
946.45
946.45
507.31
507.31
600
1082.27
1082.27
1028.68
1028.68
913.16
913.16
925.13
925.13
876.33
876.33
941.24
941.24
1104.15
1104.15
1125.41
1125.41
931.3
931.3
827.89
827.89
507.3
507.3
