2
50
862.89
862.89
857.99
857.99
820.87
820.87
764.58
764.58
739.52
739.52
698.42
698.42
652.07
652.07
622.71
622.71
575.64
575.64
541.53
541.53
507.24
507.24
100
879.79
879.79
876.51
876.51
811.53
811.53
773.52
773.52
753.27
753.27
705.11
705.11
662.11
662.11
615.15
615.15
587.19
587.19
565.53
565.53
507.06
507.06
150
890.28
890.28
876.68
876.68
830.69
830.69
779.55
779.55
753.98
753.98
698.16
698.16
667.12
667.12
628.82
628.82
599.52
599.52
585.45
585.45
507.42
507.42
200
914.65
914.65
900.8
900.8
836.3
836.3
799.69
799.69
770.57
770.57
708.63
708.63
681.8
681.8
647.39
647.39
639.38
639.38
600.96
600.96
507.23
507.23
250
925.03
925.03
916.5
916.5
860.03
860.03
821.26
821.26
780.47
780.47
727.32
727.32
678.98
678.98
648.37
648.37
666.64
666.64
662.5
662.5
507.85
507.85
300
941.93
941.93
927.08
927.08
859.56
859.56
828.29
828.29
777.74
777.74
736.88
736.88
702.02
702.02
773.74
773.74
790.98
790.98
715.82
715.82
507.14
507.14
350
960.54
960.54
935.23
935.23
887.44
887.44
840.5
840.5
814.02
814.02
734.38
734.38
741.43
741.43
736.43
736.43
715.85
715.85
758.43
758.43
507.15
507.15
400
972.05
972.05
948.94
948.94
906.38
906.38
861.16
861.16
807.15
807.15
760.82
760.82
807.59
807.59
817.66
817.66
791.05
791.05
730.18
730.18
507.08
507.08
450
1000.23
1000.23
977.81
977.81
921.85
921.85
861.53
861.53
862.65
862.65
840.3
840.3
895.92
895.92
799.95
799.95
863.3
863.3
894.13
894.13
507.23
507.23
500
997.16
997.16
978.38
978.38
908.0
908.0
873.05
873.05
834.58
834.58
809.1
809.1
896.77
896.77
819.43
819.43
847.74
847.74
824.17
824.17
507.49
507.49
550
1016.15
1016.15
1051.27
1051.27
935.9
935.9
945.58
945.58
896.97
896.97
937.19
937.19
979.15
979.15
967.48
967.48
1010.96
1010.96
1009.57
1009.57
506.79
506.79
600
1127.63
1127.63
989.57
989.57
1026.98
1026.98
964.6
964.6
843.87
843.87
977.11
977.11
1001.96
1001.96
949.78
949.78
903.15
903.15
852.9
852.9
507.59
507.59
