2
50
862.85
862.85
856.62
856.62
813.96
813.96
769.36
769.36
725.35
725.35
700.14
700.14
654.77
654.77
622.23
622.23
588.76
588.76
548.5
548.5
506.94
506.94
100
879.75
879.75
869.25
869.25
826.09
826.09
785.93
785.93
736.88
736.88
703.71
703.71
679.09
679.09
629.96
629.96
598.86
598.86
565.28
565.28
507.48
507.48
150
888.33
888.33
873.99
873.99
834.64
834.64
792.81
792.81
750.64
750.64
699.77
699.77
667.45
667.45
638.71
638.71
613.55
613.55
600.28
600.28
507.13
507.13
200
914.65
914.65
908.13
908.13
851.76
851.76
796.83
796.83
748.44
748.44
718.09
718.09
671.69
671.69
643.73
643.73
626.98
626.98
613.33
613.33
507.21
507.21
250
925.02
925.02
908.12
908.12
870.75
870.75
804.39
804.39
757.91
757.91
735.61
735.61
690.88
690.88
668.82
668.82
676.57
676.57
720.25
720.25
507.05
507.05
300
940.1
940.1
937.98
937.98
884.72
884.72
811.23
811.23
782.72
782.72
730.38
730.38
700.08
700.08
694.58
694.58
697.02
697.02
683.5
683.5
507.53
507.53
350
960.53
960.53
948.78
948.78
882.91
882.91
818.48
818.48
787.69
787.69
744.69
744.69
709.43
709.43
751.32
751.32
727.34
727.34
827.14
827.14
507.17
507.17
400
972.85
972.85
945.56
945.56
898.28
898.28
856.05
856.05
826.43
826.43
756.83
756.83
787.53
787.53
784.97
784.97
835.73
835.73
700.24
700.24
506.93
506.93
450
1000.24
1000.24
983.67
983.67
927.61
927.61
960.26
960.26
807.92
807.92
902.2
902.2
818.12
818.12
809.79
809.79
873.44
873.44
824.49
824.49
507.27
507.27
500
997.04
997.04
974.88
974.88
936.03
936.03
872.92
872.92
909.33
909.33
853.84
853.84
779.87
779.87
864.26
864.26
890.39
890.39
879.53
879.53
507.02
507.02
550
1033.2
1033.2
1006.89
1006.89
1001.76
1001.76
910.34
910.34
859.34
859.34
860.37
860.37
954.07
954.07
937.68
937.68
995.53
995.53
870.47
870.47
507.05
507.05
600
1028.43
1028.43
1037.62
1037.62
912.63
912.63
942.02
942.02
885.83
885.83
964.0
964.0
1064.91
1064.91
1053.93
1053.93
943.93
943.93
922.75
922.75
507.52
507.52
