2
50
862.87
862.87
850.33
850.33
804.02
804.02
762.32
762.32
735.09
735.09
706.11
706.11
666.72
666.72
625.84
625.84
579.33
579.33
547.17
547.17
507.06
507.06
100
879.79
879.79
880.19
880.19
824.76
824.76
775.5
775.5
742.49
742.49
711.42
711.42
680.19
680.19
645.31
645.31
590.15
590.15
567.57
567.57
507.68
507.68
150
889.93
889.93
889.71
889.71
827.48
827.48
774.54
774.54
742.02
742.02
707.61
707.61
662.22
662.22
626.23
626.23
592.54
592.54
579.25
579.25
507.3
507.3
200
914.65
914.65
901.07
901.07
839.91
839.91
799.01
799.01
765.0
765.0
712.86
712.86
671.24
671.24
640.9
640.9
644.07
644.07
611.53
611.53
507.49
507.49
250
925.04
925.04
914.53
914.53
852.37
852.37
810.64
810.64
777.35
777.35
742.47
742.47
685.14
685.14
642.37
642.37
654.2
654.2
650.8
650.8
507.16
507.16
300
939.6
939.6
926.88
926.88
874.79
874.79
817.34
817.34
766.75
766.75
732.21
732.21
692.47
692.47
677.79
677.79
768.82
768.82
729.74
729.74
507.41
507.41
350
960.54
960.54
936.9
936.9
891.48
891.48
850.65
850.65
809.3
809.3
749.15
749.15
703.56
703.56
691.41
691.41
752.68
752.68
719.96
719.96
507.12
507.12
400
974.06
974.06
946.49
946.49
896.9
896.9
837.87
837.87
831.96
831.96
780.42
780.42
764.91
764.91
769.92
769.92
764.02
764.02
764.34
764.34
507.09
507.09
450
1000.26
1000.26
964.19
964.19
913.8
913.8
872.17
872.17
818.57
818.57
876.85
876.85
901.1
901.1
829.44
829.44
810.57
810.57
813.76
813.76
506.84
506.84
500
997.08
997.08
971.0
971.0
903.67
903.67
858.33
858.33
802.58
802.58
883.56
883.56
999.25
999.25
920.39
920.39
962.71
962.71
817.62
817.62
507.33
507.33
550
1027.16
1027.16
1008.78
1008.78
980.4
980.4
1002.59
1002.59
878.12
878.12
901.18
901.18
951.21
951.21
953.29
953.29
962.84
962.84
856.56
856.56
507.04
507.04
600
999.6
999.6
981.68
981.68
975.78
975.78
884.31
884.31
1152.34
1152.34
954.41
954.41
830.59
830.59
950.6
950.6
988.52
988.52
914.85
914.85
507.21
507.21
