2
50
862.89
862.89
858.84
858.84
803.85
803.85
775.24
775.24
723.69
723.69
709.93
709.93
654.65
654.65
620.55
620.55
582.75
582.75
553.13
553.13
507.01
507.01
100
879.75
879.75
872.69
872.69
820.71
820.71
791.91
791.91
753.3
753.3
712.95
712.95
656.39
656.39
623.78
623.78
583.09
583.09
559.65
559.65
507.17
507.17
150
888.26
888.26
874.97
874.97
829.45
829.45
773.94
773.94
746.39
746.39
718.1
718.1
663.52
663.52
646.71
646.71
608.49
608.49
605.28
605.28
506.94
506.94
200
914.65
914.65
904.15
904.15
838.69
838.69
810.13
810.13
780.32
780.32
722.61
722.61
691.36
691.36
631.97
631.97
669.21
669.21
636.52
636.52
506.94
506.94
250
925.03
925.03
914.77
914.77
845.09
845.09
812.12
812.12
764.58
764.58
729.91
729.91
701.28
701.28
661.72
661.72
662.79
662.79
672.07
672.07
507.23
507.23
300
940.33
940.33
932.07
932.07
867.2
867.2
817.98
817.98
815.32
815.32
749.26
749.26
724.4
724.4
680.49
680.49
774.5
774.5
724.98
724.98
507.59
507.59
350
960.54
960.54
956.79
956.79
869.53
869.53
832.99
832.99
805.07
805.07
777.82
777.82
728.25
728.25
716.29
716.29
829.23
829.23
692.36
692.36
507.26
507.26
400
973.38
973.38
963.66
963.66
909.68
909.68
842.34
842.34
806.68
806.68
809.19
809.19
782.54
782.54
778.77
778.77
747.48
747.48
783.69
783.69
507.48
507.48
450
1000.22
1000.22
968.23
968.23
933.76
933.76
875.17
875.17
867.99
867.99
808.11
808.11
808.23
808.23
816.33
816.33
880.39
880.39
840.61
840.61
507.19
507.19
500
997.11
997.11
1040.55
1040.55
933.71
933.71
878.42
878.42
905.13
905.13
889.98
889.98
777.02
777.02
890.03
890.03
832.46
832.46
765.69
765.69
506.95
506.95
550
1016.11
1016.11
1030.75
1030.75
968.73
968.73
911.66
911.66
856.82
856.82
960.2
960.2
899.91
899.91
962.63
962.63
959.68
959.68
921.65
921.65
506.83
506.83
600
999.6
999.6
1008.64
1008.64
992.14
992.14
953.77
953.77
987.96
987.96
872.5
872.5
1018.72
1018.72
977.28
977.28
1080.77
1080.77
1035.32
1035.32
507.19
507.19
