2
50
862.89
862.89
848.52
848.52
806.49
806.49
767.69
767.69
725.07
725.07
678.8
678.8
668.55
668.55
633.33
633.33
586.47
586.47
544.12
544.12
506.91
506.91
100
879.79
879.79
864.83
864.83
814.55
814.55
774.41
774.41
747.81
747.81
702.86
702.86
663.88
663.88
628.26
628.26
589.97
589.97
556.82
556.82
507.37
507.37
150
889.85
889.85
878.73
878.73
821.24
821.24
795.11
795.11
750.32
750.32
703.99
703.99
661.16
661.16
630.24
630.24
596.27
596.27
578.25
578.25
507.2
507.2
200
914.65
914.65
904.34
904.34
846.16
846.16
801.61
801.61
749.7
749.7
715.87
715.87
681.93
681.93
659.13
659.13
620.65
620.65
682.53
682.53
507.19
507.19
250
925.07
925.07
913.72
913.72
864.18
864.18
819.81
819.81
768.54
768.54
732.85
732.85
696.46
696.46
658.26
658.26
658.65
658.65
662.36
662.36
507.18
507.18
300
940.96
940.96
921.3
921.3
866.21
866.21
825.08
825.08
763.63
763.63
748.74
748.74
741.47
741.47
716.88
716.88
663.09
663.09
671.92
671.92
506.82
506.82
350
960.53
960.53
957.72
957.72
872.63
872.63
846.94
846.94
811.06
811.06
732.58
732.58
792.38
792.38
706.85
706.85
736.74
736.74
737.03
737.03
506.98
506.98
400
974.0
974.0
954.98
954.98
905.43
905.43
856.88
856.88
794.47
794.47
764.76
764.76
767.45
767.45
839.98
839.98
818.79
818.79
777.72
777.72
507.26
507.26
450
1000.25
1000.25
985.87
985.87
918.23
918.23
848.21
848.21
839.52
839.52
801.49
801.49
778.81
778.81
881.99
881.99
786.28
786.28
801.85
801.85
507.2
507.2
500
1069.93
1069.93
976.67
976.67
928.77
928.77
936.31
936.31
895.99
895.99
820.61
820.61
873.67
873.67
807.26
807.26
844.08
844.08
860.97
860.97
507.42
507.42
550
1016.23
1016.23
997.25
997.25
960.45
960.45
928.18
928.18
972.41
972.41
981.09
981.09
965.72
965.72
906.78
906.78
981.67
981.67
846.25
846.25
507.04
507.04
600
1008.26
1008.26
1006.13
1006.13
918.3
918.3
914.42
914.42
931.34
931.34
901.57
901.57
960.86
960.86
1081.43
1081.43
1019.18
1019.18
967.15
967.15
507.09
507.09
