2
50
862.85
862.85
853.48
853.48
811.71
811.71
754.14
754.14
736.43
736.43
695.23
695.23
666.67
666.67
607.06
607.06
579.03
579.03
551.3
551.3
507.13
507.13
100
879.75
879.75
872.33
872.33
835.6
835.6
771.72
771.72
741.22
741.22
692.77
692.77
675.03
675.03
624.56
624.56
592.31
592.31
580.98
580.98
507.35
507.35
150
888.37
888.37
884.0
884.0
819.94
819.94
782.71
782.71
744.77
744.77
703.6
703.6
681.34
681.34
619.85
619.85
589.99
589.99
576.91
576.91
507.42
507.42
200
914.65
914.65
905.65
905.65
849.91
849.91
805.02
805.02
754.54
754.54
710.73
710.73
676.16
676.16
638.61
638.61
600.86
600.86
673.33
673.33
507.35
507.35
250
925.2
925.2
918.13
918.13
863.89
863.89
798.06
798.06
765.27
765.27
729.7
729.7
683.37
683.37
643.41
643.41
663.41
663.41
666.07
666.07
507.42
507.42
300
939.78
939.78
921.47
921.47
862.83
862.83
809.52
809.52
763.45
763.45
733.14
733.14
697.35
697.35
712.01
712.01
682.77
682.77
766.13
766.13
507.25
507.25
350
960.51
960.51
938.41
938.41
883.18
883.18
864.26
864.26
770.59
770.59
754.08
754.08
748.35
748.35
751.04
751.04
768.67
768.67
731.84
731.84
506.76
506.76
400
971.52
971.52
951.39
951.39
889.45
889.45
839.75
839.75
802.72
802.72
788.81
788.81
768.38
768.38
780.0
780.0
792.15
792.15
819.06
819.06
507.48
507.48
450
1000.25
1000.25
983.66
983.66
972.97
972.97
874.51
874.51
927.81
927.81
843.12
843.12
785.98
785.98
784.3
784.3
857.17
857.17
854.32
854.32
507.45
507.45
500
996.99
996.99
982.72
982.72
924.37
924.37
865.02
865.02
959.06
959.06
809.97
809.97
990.9
990.9
899.07
899.07
894.46
894.46
775.54
775.54
507.42
507.42
550
1099.47
1099.47
999.08
999.08
928.23
928.23
932.38
932.38
953.79
953.79
884.01
884.01
888.99
888.99
933.03
933.03
923.87
923.87
962.99
962.99
507.4
507.4
600
1032.16
1032.16
993.03
993.03
943.05
943.05
935.66
935.66
930.53
930.53
991.63
991.63
981.98
981.98
997.39
997.39
1009.66
1009.66
951.34
951.34
507.39
507.39
