2
50
862.89
862.89
860.02
860.02
800.52
800.52
760.71
760.71
726.94
726.94
692.11
692.11
658.34
658.34
619.16
619.16
577.78
577.78
549.84
549.84
507.6
507.6
100
879.79
879.79
873.14
873.14
810.66
810.66
772.58
772.58
738.48
738.48
696.43
696.43
662.5
662.5
622.38
622.38
599.08
599.08
586.57
586.57
507.39
507.39
150
889.84
889.84
884.58
884.58
826.46
826.46
777.72
777.72
748.78
748.78
713.85
713.85
655.15
655.15
622.14
622.14
593.86
593.86
591.68
591.68
507.6
507.6
200
914.65
914.65
891.73
891.73
873.06
873.06
791.33
791.33
772.94
772.94
710.33
710.33
698.18
698.18
650.09
650.09
627.0
627.0
657.9
657.9
507.09
507.09
250
925.38
925.38
907.86
907.86
846.17
846.17
826.3
826.3
778.48
778.48
735.83
735.83
675.33
675.33
660.79
660.79
632.94
632.94
654.86
654.86
507.27
507.27
300
942.42
942.42
921.33
921.33
883.18
883.18
797.98
797.98
790.45
790.45
730.58
730.58
694.98
694.98
703.84
703.84
731.56
731.56
699.21
699.21
507.04
507.04
350
960.51
960.51
954.17
954.17
883.85
883.85
833.7
833.7
781.89
781.89
778.03
778.03
718.04
718.04
794.64
794.64
702.71
702.71
712.39
712.39
507.03
507.03
400
974.6
974.6
957.35
957.35
918.63
918.63
884.08
884.08
824.44
824.44
759.19
759.19
745.0
745.0
864.43
864.43
791.28
791.28
755.12
755.12
507.34
507.34
450
1000.25
1000.25
981.24
981.24
917.75
917.75
867.04
867.04
829.13
829.13
903.33
903.33
805.91
805.91
781.97
781.97
803.0
803.0
827.08
827.08
507.38
507.38
500
997.2
997.2
987.25
987.25
924.63
924.63
863.88
863.88
812.51
812.51
949.67
949.67
961.58
961.58
883.36
883.36
832.26
832.26
1069.6
1069.6
507.2
507.2
550
1016.26
1016.26
988.62
988.62
952.61
952.61
930.81
930.81
838.87
838.87
937.66
937.66
938.83
938.83
937.06
937.06
877.15
877.15
953.57
953.57
507.14
507.14
600
999.6
999.6
984.96
984.96
994.14
994.14
914.27
914.27
960.22
960.22
945.35
945.35
972.81
972.81
963.67
963.67
1018.19
1018.19
919.03
919.03
506.83
506.83
