2
50
862.85
862.85
858.84
858.84
808.73
808.73
769.63
769.63
721.13
721.13
706.3
706.3
661.9
661.9
630.45
630.45
612.77
612.77
556.99
556.99
506.79
506.79
100
879.78
879.78
865.75
865.75
822.12
822.12
785.69
785.69
743.1
743.1
713.37
713.37
657.5
657.5
631.53
631.53
596.65
596.65
568.08
568.08
507.04
507.04
150
891.54
891.54
887.65
887.65
829.83
829.83
785.82
785.82
756.64
756.64
726.43
726.43
671.48
671.48
632.13
632.13
598.85
598.85
608.26
608.26
507.01
507.01
200
914.65
914.65
898.91
898.91
857.03
857.03
802.93
802.93
765.19
765.19
737.42
737.42
674.64
674.64
646.43
646.43
622.85
622.85
649.54
649.54
507.27
507.27
250
925.23
925.23
914.14
914.14
848.35
848.35
822.43
822.43
789.48
789.48
725.02
725.02
683.15
683.15
638.67
638.67
632.42
632.42
671.23
671.23
506.9
506.9
300
941.14
941.14
928.13
928.13
862.84
862.84
829.45
829.45
779.04
779.04
733.1
733.1
706.21
706.21
737.79
737.79
767.25
767.25
714.83
714.83
507.26
507.26
350
960.51
960.51
939.05
939.05
887.79
887.79
832.26
832.26
810.15
810.15
742.58
742.58
702.17
702.17
709.35
709.35
750.92
750.92
710.41
710.41
507.37
507.37
400
974.54
974.54
957.23
957.23
896.94
896.94
832.33
832.33
827.12
827.12
753.79
753.79
728.81
728.81
808.29
808.29
823.87
823.87
824.34
824.34
507.3
507.3
450
1000.25
1000.25
974.95
974.95
908.81
908.81
880.39
880.39
821.23
821.23
863.69
863.69
970.38
970.38
848.43
848.43
810.46
810.46
845.31
845.31
507.1
507.1
500
996.87
996.87
981.01
981.01
920.02
920.02
891.66
891.66
868.32
868.32
851.0
851.0
800.09
800.09
884.65
884.65
806.1
806.1
911.83
911.83
507.04
507.04
550
1015.52
1015.52
1000.62
1000.62
923.97
923.97
879.32
879.32
921.78
921.78
956.31
956.31
969.38
969.38
960.48
960.48
893.73
893.73
1078.43
1078.43
506.81
506.81
600
999.6
999.6
987.64
987.64
939.83
939.83
910.85
910.85
1036.93
1036.93
1018.94
1018.94
977.22
977.22
1087.76
1087.76
1006.37
1006.37
928.62
928.62
507.14
507.14
