2
50
862.85
862.85
855.03
855.03
814.12
814.12
764.69
764.69
741.58
741.58
697.16
697.16
660.84
660.84
615.59
615.59
578.94
578.94
548.58
548.58
507.45
507.45
100
879.79
879.79
867.04
867.04
819.12
819.12
785.41
785.41
744.16
744.16
693.36
693.36
652.54
652.54
622.25
622.25
587.32
587.32
558.15
558.15
507.04
507.04
150
888.37
888.37
876.5
876.5
816.81
816.81
771.42
771.42
739.09
739.09
717.69
717.69
675.67
675.67
617.42
617.42
623.76
623.76
581.61
581.61
506.71
506.71
200
914.65
914.65
900.21
900.21
843.11
843.11
803.38
803.38
762.86
762.86
740.64
740.64
670.61
670.61
629.72
629.72
610.45
610.45
614.14
614.14
507.19
507.19
250
925.07
925.07
915.92
915.92
848.38
848.38
795.19
795.19
760.95
760.95
723.5
723.5
686.95
686.95
645.31
645.31
681.57
681.57
664.9
664.9
506.83
506.83
300
942.38
942.38
922.83
922.83
877.0
877.0
816.96
816.96
774.6
774.6
725.89
725.89
733.58
733.58
716.36
716.36
682.07
682.07
672.26
672.26
507.05
507.05
350
960.55
960.55
941.07
941.07
889.31
889.31
845.13
845.13
790.56
790.56
783.73
783.73
725.36
725.36
734.72
734.72
789.79
789.79
725.3
725.3
507.17
507.17
400
972.44
972.44
963.27
963.27
894.71
894.71
858.39
858.39
810.74
810.74
860.14
860.14
779.37
779.37
705.85
705.85
779.85
779.85
811.72
811.72
507.25
507.25
450
1000.22
1000.22
1016.42
1016.42
976.88
976.88
875.82
875.82
837.91
837.91
777.23
777.23
777.06
777.06
836.6
836.6
807.65
807.65
796.47
796.47
506.91
506.91
500
997.21
997.21
969.96
969.96
905.56
905.56
909.18
909.18
873.57
873.57
878.53
878.53
978.08
978.08
918.92
918.92
810.29
810.29
853.98
853.98
507.26
507.26
550
1015.99
1015.99
1014.74
1014.74
940.43
940.43
912.15
912.15
903.25
903.25
937.91
937.91
968.23
968.23
1005.46
1005.46
863.53
863.53
1012.71
1012.71
507.17
507.17
600
1074.28
1074.28
1034.21
1034.21
946.64
946.64
1013.88
1013.88
995.66
995.66
931.33
931.33
1044.79
1044.79
1056.07
1056.07
1051.69
1051.69
948.8
948.8
507.04
507.04
