2
20,20,20,1000,2048,1000000,10000,1000,10000,512,1000
5,5,5,5000,10240,5000000,50000,5000,50000,2560,5000
361.33
357.99
316.99
322.77
262.99
272.77
243.99
225.55
196.55
195.55
206.99
197.33
254.33
248.77
293.55
304.33
352.77
350.11
395.55
400.33
450.77
452.11
40,40,40,1000,2048,1000000,10000,1000,10000,512,1000
10,10,10,5000,10240,5000000,50000,5000,50000,2560,5000
155.11
152.99
141.77
144.87
118.55
116.67
107.21
99.11
79.99
86.76
88.53
100.65
122.17
121.1
140.11
132.32
166.55
163.33
183.11
195.88
210.55
207.22
60,60,60,1000,2048,1000000,10000,1000,10000,512,1000
15,15,15,5000,10240,5000000,50000,5000,50000,2560,5000
90.55
91.55
88.11
79.55
67.77
67.77
58.77
57.22
54.42
58.42
64.42
65.86
82.21
80.88
96.22
102.99
104.65
113.66
121.55
119.87
134.56
138.1
80,80,80,1000,2048,1000000,10000,1000,10000,512,1000
20,20,20,5000,10240,5000000,50000,5000,50000,2560,5000
65.21
64.11
55.55
55.55
44.66
46.99
39.0
42.11
37.09
42.98
62.2
59.42
60.44
67.66
72.88
68.88
80.1
81.99
95.22
91.99
100.21
104.33
100,100,100,1000,2048,1000000,10000,1000,10000,512,1000
25,25,25,5000,10240,5000000,50000,5000,50000,2560,5000
46.11
46.43
38.65
43.11
34.65
37.11
32.76
30.65
38.65
37.76
41.76
42.98
42.98
51.31
59.64
56.42
68.66
70.66
72.88
71.66
86.99
85.99
120,120,120,1000,2048,1000000,10000,1000,10000,512,1000
30,30,30,5000,10240,5000000,50000,5000,50000,2560,5000
39.43
39.21
32.33
33.65
33.33
25.33
26.65
24.09
34.54
30.76
36.76
41.98
45.22
41.98
47.22
51.22
56.42
60.44
59.44
62.11
64.44
64.55
140,140,140,1000,2048,1000000,10000,1000,10000,512,1000
35,35,35,5000,10240,5000000,50000,5000,50000,2560,5000
29.65
30.87
29.65
27.09
20.99
22.77
20.32
26.54
29.54
25.54
31.87
37.65
39.09
35.87
37.76
40.09
46.22
54.98
54.22
55.42
72.66
64.42
160,160,160,1000,2048,1000000,10000,1000,10000,512,1000
40,40,40,5000,10240,5000000,50000,5000,50000,2560,5000
26.11
28.65
27.43
22.22
22.75
20.32
20.32
20.32
27.65
28.54
36.76
38.76
36.76
35.54
43.98
46.09
43.09
40.0
49.2
51.98
52.22
55.98
180,180,180,1000,2048,1000000,10000,1000,10000,512,1000
45,45,45,5000,10240,5000000,50000,5000,50000,2560,5000
22.33
24.65
16.77
17.77
19.65
18.21
20.32
20.32
27.65
23.54
28.65
29.43
31.76
35.76
36.76
32.76
38.76
46.98
41.98
40.98
47.09
51.22
200,200,200,1000,2048,1000000,10000,1000,10000,512,1000
50,50,50,5000,10240,5000000,50000,5000,50000,2560,5000
18.54
19.65
18.66
16.43
16.09
17.52
20.43
20.32
20.21
20.32
27.65
26.54
29.54
30.43
30.76
35.87
37.76
37.76
42.98
43.09
46.09
43.98
20,20,20,1000,2048,1000000,10000,1000,10000,512,1000
5,5,5,5000,10240,5000000,50000,5000,50000,2560,5000
352.33
355.55
314.11
317.33
261.55
280.55
224.99
240.33
194.33
191.11
200.22
210.77
260.32
266.77
303.11
301.21
351.55
353.99
394.77
408.55
447.77
434.55
20,20,20,1000,2048,1000000,10000,1000,10000,512,1000
5,5,5,10000,20480,10000000,100000,10000,100000,5120,10000
167.66
170.99
153.0
148.22
129.88
123.77
122.77
113.55
176.12
167.34
199.78
207.55
271.76
254.33
284.33
309.55
355.55
357.11
396.55
396.55
441.11
442.77
20,20,20,1000,2048,1000000,10000,1000,10000,512,1000
5,5,5,15000,30720,15000000,150000,15000,150000,7680,15000
104.55
105.55
87.55
98.54
85.3
78.1
99.88
113.09
183.99
165.12
206.22
222.99
245.55
252.77
304.33
300.2
343.77
347.77
392.55
399.33
440.55
448.33
20,20,20,1000,2048,1000000,10000,1000,10000,512,1000
5,5,5,20000,40960,20000000,200000,20000,200000,10240,20000
76.94
82.94
70.61
64.22
80.0
69.86
117.87
115.12
171.34
147.9
199.0
211.77
252.32
274.99
306.11
306.55
336.55
351.33
396.77
391.33
436.77
444.33
20,20,20,1000,2048,1000000,10000,1000,10000,512,1000
5,5,5,25000,51200,25000000,250000,25000,250000,12800,25000
57.89
58.83
48.79
50.63
87.11
75.88
130.09
113.1
161.0
173.77
202.55
209.55
254.55
265.32
315.99
298.98
342.33
346.21
401.55
406.99
445.77
443.55
20,20,20,1000,2048,1000000,10000,1000,10000,512,1000
5,5,5,30000,61440,30000000,300000,30000,300000,15360,30000
48.65
51.1
38.7
43.22
79.88
77.0
118.87
112.09
158.55
177.56
210.55
200.0
270.11
250.33
301.33
303.55
338.89
352.55
373.11
393.77
447.55
450.99
20,20,20,1000,2048,1000000,10000,1000,10000,512,1000
5,5,5,35000,71680,35000000,350000,35000,350000,17920,35000
41.58
44.79
38.98
36.4
72.99
76.0
119.31
107.1
164.12
180.4
214.77
193.56
268.99
255.55
298.55
295.55
350.89
356.55
422.99
400.33
439.89
457.11
20,20,20,1000,2048,1000000,10000,1000,10000,512,1000
5,5,5,40000,81920,40000000,400000,40000,400000,20480,40000
31.6
36.04
52.22
38.98
71.08
82.77
118.09
138.31
159.12
173.77
216.22
203.78
251.88
253.1
295.55
290.2
335.99
343.33
399.55
405.33
447.77
448.77
20,20,20,1000,2048,1000000,10000,1000,10000,512,1000
5,5,5,45000,92160,45000000,450000,45000,450000,23040,45000
38.6
35.33
40.2
34.76
86.1
77.86
127.31
125.34
171.34
160.33
203.77
222.77
255.99
252.33
316.55
304.55
349.55
343.33
401.55
390.33
459.77
446.55
20,20,20,1000,2048,1000000,10000,1000,10000,512,1000
5,5,5,50000,102400,50000000,500000,50000,500000,25600,50000
27.93
28.93
34.54
41.09
83.31
80.0
114.66
128.1
169.55
173.55
193.55
209.77
251.1
250.55
303.55
293.55
361.77
360.33
399.77
395.33
432.55
442.99
