2
50
185.02
185.02
235.78
235.78
266.52
266.52
288.93
288.93
311.69
311.69
354.09
354.09
384.68
384.68
422.06
422.06
448.38
448.38
498.28
498.28
506.87
506.87
100
370.04
370.04
408.02
408.02
407.43
407.43
425.82
425.82
424.48
424.48
441.39
441.39
463.55
463.55
473.33
473.33
498.82
498.82
549.19
549.19
507.4
507.4
150
555.08
555.08
583.69
583.69
562.54
562.54
549.49
549.49
536.69
536.69
542.24
542.24
530.85
530.85
548.85
548.85
533.75
533.75
581.54
581.54
507.33
507.33
200
740.08
740.08
737.94
737.94
701.34
701.34
682.16
682.16
651.87
651.87
636.43
636.43
607.34
607.34
596.7
596.7
636.09
636.09
623.01
623.01
506.92
506.92
250
925.09
925.09
907.58
907.58
864.09
864.09
824.42
824.42
773.69
773.69
734.77
734.77
702.18
702.18
646.52
646.52
648.99
648.99
710.78
710.78
506.86
506.86
300
1110.49
1110.49
1074.35
1074.35
1023.19
1023.19
932.44
932.44
906.39
906.39
806.44
806.44
788.92
788.92
691.34
691.34
684.3
684.3
718.2
718.2
507.54
507.54
350
1295.0
1295.0
1255.06
1255.06
1146.7
1146.7
1060.99
1060.99
1014.91
1014.91
915.3
915.3
828.25
828.25
748.64
748.64
786.03
786.03
720.1
720.1
506.92
506.92
400
1480.33
1480.33
1389.74
1389.74
1323.87
1323.87
1190.88
1190.88
1111.67
1111.67
996.9
996.9
917.18
917.18
850.08
850.08
849.96
849.96
752.95
752.95
506.98
506.98
450
1664.99
1664.99
1580.25
1580.25
1441.48
1441.48
1330.76
1330.76
1217.54
1217.54
1090.5
1090.5
988.5
988.5
883.35
883.35
873.16
873.16
792.68
792.68
506.96
506.96
500
1850.1
1850.1
1744.55
1744.55
1602.03
1602.03
1458.15
1458.15
1355.31
1355.31
1167.91
1167.91
1060.53
1060.53
960.25
960.25
843.59
843.59
910.1
910.1
507.05
507.05
