1
20,20,20,1000,2048,1000000,10000,1000,10000,512,1000
5,5,5,5000,10240,5000000,50000,5000,50000,2560,5000
4.32
4.65
10.1
10.21
10.21
10.1
10.1
10.21
10.21
18.21
12.21
20,20,20,1000,2048,1000000,10000,1000,10000,512,1000
5,5,5,5000,10240,5000000,50000,5000,50000,2560,5000
4.43
10.0
10.1
10.21
10.1
10.1
10.1
10.21
14.21
11.21
16.21
20,20,20,1000,2048,1000000,10000,1000,10000,512,1000
5,5,5,5000,10240,5000000,50000,5000,50000,2560,5000
6.43
10.1
10.1
10.21
10.21
10.1
10.21
10.21
12.21
20.21
18.21
20,20,20,1000,2048,1000000,10000,1000,10000,512,1000
5,5,5,5000,10240,5000000,50000,5000,50000,2560,5000
4.21
10.1
10.1
10.1
10.1
10.1
10.1
10.21
20.21
15.21
17.21
20,20,20,1000,2048,1000000,10000,1000,10000,512,1000
5,5,5,5000,10240,5000000,50000,5000,50000,2560,5000
5.65
10.1
10.1
10.1
10.1
10.21
10.1
17.21
18.21
20.21
20.21
20,20,20,1000,2048,1000000,10000,1000,10000,512,1000
5,5,5,5000,10240,5000000,50000,5000,50000,2560,5000
4.43
10.1
10.1
10.21
10.1
10.21
10.21
10.21
10.21
19.21
15.21
20,20,20,1000,2048,1000000,10000,1000,10000,512,1000
5,5,5,5000,10240,5000000,50000,5000,50000,2560,5000
4.21
10.1
10.1
10.1
10.1
10.1
10.21
20.21
19.21
20.21
18.32
20,20,20,1000,2048,1000000,10000,1000,10000,512,1000
5,5,5,5000,10240,5000000,50000,5000,50000,2560,5000
4.43
10.1
10.21
10.1
10.21
10.1
10.1
10.21
10.21
20.21
20.21
20,20,20,1000,2048,1000000,10000,1000,10000,512,1000
5,5,5,5000,10240,5000000,50000,5000,50000,2560,5000
3.43
10.1
10.1
10.1
10.1
10.1
10.21
10.21
14.21
19.21
18.21
20,20,20,1000,2048,1000000,10000,1000,10000,512,1000
5,5,5,5000,10240,5000000,50000,5000,50000,2560,5000
4.54
10.1
10.1
10.1
10.21
10.1
10.21
15.21
11.21
10.21
15.21
