2
50
862.85
862.85
861.45
861.45
799.65
799.65
769.13
769.13
731.42
731.42
699.76
699.76
657.97
657.97
616.92
616.92
584.02
584.02
547.43
547.43
507.12
507.12
100
879.79
879.79
865.19
865.19
808.48
808.48
774.72
774.72
744.04
744.04
707.73
707.73
674.5
674.5
625.32
625.32
602.53
602.53
564.35
564.35
507.38
507.38
150
889.86
889.86
878.37
878.37
830.7
830.7
781.6
781.6
744.99
744.99
712.86
712.86
673.58
673.58
637.82
637.82
594.02
594.02
579.48
579.48
507.06
507.06
200
914.65
914.65
914.16
914.16
850.8
850.8
806.09
806.09
761.1
761.1
715.81
715.81
680.4
680.4
666.26
666.26
607.81
607.81
624.2
624.2
506.93
506.93
250
925.16
925.16
906.52
906.52
863.37
863.37
801.08
801.08
777.75
777.75
725.66
725.66
678.5
678.5
650.57
650.57
612.06
612.06
691.84
691.84
507.04
507.04
300
941.16
941.16
927.21
927.21
863.16
863.16
828.49
828.49
786.98
786.98
731.82
731.82
734.48
734.48
705.79
705.79
758.6
758.6
653.13
653.13
507.02
507.02
350
960.48
960.48
938.92
938.92
884.22
884.22
845.18
845.18
793.43
793.43
770.33
770.33
753.4
753.4
719.9
719.9
735.3
735.3
695.58
695.58
507.26
507.26
400
974.94
974.94
967.96
967.96
891.46
891.46
839.27
839.27
797.13
797.13
791.82
791.82
761.15
761.15
843.6
843.6
816.82
816.82
752.7
752.7
506.72
506.72
450
1000.21
1000.21
1064.5
1064.5
914.05
914.05
865.08
865.08
822.71
822.71
868.69
868.69
778.13
778.13
896.05
896.05
872.61
872.61
783.46
783.46
507.94
507.94
500
997.35
997.35
970.1
970.1
913.77
913.77
883.47
883.47
876.67
876.67
814.46
814.46
972.42
972.42
934.17
934.17
830.81
830.81
822.22
822.22
506.86
506.86
550
1016.2
1016.2
1049.99
1049.99
938.85
938.85
1016.07
1016.07
948.08
948.08
890.27
890.27
988.55
988.55
966.74
966.74
975.32
975.32
847.07
847.07
506.98
506.98
600
999.6
999.6
987.15
987.15
945.72
945.72
888.17
888.17
932.61
932.61
952.68
952.68
1021.49
1021.49
958.28
958.28
908.6
908.6
1039.8
1039.8
507.57
507.57
